---------------
LC: Load Cases Task 2/LC2/LC2
---------------
---------------
RF against Strength Failure for the Skin
---------------
1     11.83828
2     10.38808
3     11.41995
4     10.04168
5     10.38198
6     10.19231
7     10.19035
8     10.07796
9     10.33138
10    10.23364
11    10.16689
12    10.25145
13    10.25740
14    10.18643
15    10.25343
16    10.25343
17    10.18643
18    10.25740
19    10.25145
20    10.16689
21    10.23364
22    10.33138
23    10.07796
24    10.19035
25    10.19231
26    10.38198
27    10.04168
28    11.41995
29    10.38808
30    11.83828
---------------
RF against Strength Failure for the Stringers
---------------
37    12.44716
38    12.28273
39    12.37162
40    13.50318
41    13.31324
42    13.50663
43    13.38046
44    13.36359
45    13.38384
46    13.39737
47    13.40754
48    13.39399
49    13.40415
50    13.40076
51    13.40415
52    13.39399
53    13.40754
54    13.39737
55    13.38384
56    13.36359
57    13.38046
58    13.50663
59    13.31324
60    13.50318
61    12.37162
62    12.28273
63    12.44716
64         NaN
---------------
Minimum RF in LC2: 10.04168
---------------
Average stresses in XX
---------------
0   -38.136667
1   -44.803333
2   -44.856667
3   -44.733333
4   -44.636667
5   -44.636667
6   -44.733333
7   -44.856667
8   -44.803333
9   -38.136667
---------------
Average stresses in YY
---------------
0   -11.536667
1   -11.540000
2   -11.540000
3   -11.536667
4   -11.536667
5   -11.536667
6   -11.536667
7   -11.540000
8   -11.540000
9   -11.536667
---------------
Average stresses in XY
---------------
0    19.076667
1    18.916667
2    18.906667
3    18.910000
4    18.910000
5    18.910000
6    18.910000
7    18.906667
8    18.916667
9    19.076667
---------------
Critical Biaxial Stress
---------------
   sigma_x_crit
0   -124.233509
1   -132.186129
2   -132.243818
3   -132.124296
4   -132.019312
5   -132.019312
6   -132.124296
7   -132.243818
8   -132.186129
9   -124.233509
---------------
RF against Panel Buckling Biaxial
---------------
        RF
0  3.25759
1  2.95036
2  2.94814
3  2.95360
4  2.95764
5  2.95764
6  2.95360
7  2.94814
8  2.95036
9  3.25759
---------------
K_biax
---------------
    k_biax
0  2.79324
1  2.97205
2  2.97334
3  2.97066
4  2.96830
5  2.96830
6  2.97066
7  2.97334
8  2.97205
9  2.79324
---------------
Critical Shear Stress
---------------
   sigma_xy_crit
0     257.271676
1     257.271676
2     257.271676
3     257.271676
4     257.271676
5     257.271676
6     257.271676
7     257.271676
8     257.271676
9     257.271676
---------------
K_shear
---------------
   k_shear
0  5.78444
1  5.78444
2  5.78444
3  5.78444
4  5.78444
5  5.78444
6  5.78444
7  5.78444
8  5.78444
9  5.78444
---------------
RF against Panel Buckling in Shear
---------------
         RF
0  13.48620
1  13.60026
2  13.60746
3  13.60506
4  13.60506
5  13.60506
6  13.60506
7  13.60746
8  13.60026
9  13.48620
---------------
RF against Panel Buckling Combined
---------------
        RF
0  3.20027
1  2.90404
2  2.90194
3  2.90721
4  2.91113
5  2.91113
6  2.90721
7  2.90194
8  2.90404
9  3.20027
---------------
minimum RF against panel buckling in LC2: RF    2.90194
dtype: float64
---------------
Average stresses in Axial Stringers
---------------
1   -42.856667
2   -39.433333
3   -39.623333
4   -39.553333
5   -39.543333
6   -39.553333
7   -39.623333
8   -39.433333
9   -42.856667
---------------
Average stresses Combined in Stringers
---------------
   Combined Stress
1       -41.814060
2       -43.490977
3       -43.511805
4       -43.411729
5       -43.372907
6       -43.411729
7       -43.511805
8       -43.490977
9       -41.814060
---------------
I_total
 ---------------
86608.48587
---------------
Radius of Gyration
 ---------------
7.91294
---------------
RF against Column Panel Buckling
 ---------------
   Combined Stress
1          2.90445
2          2.79246
3          2.79113
4          2.79756
5          2.80006
6          2.79756
7          2.79113
8          2.79246
9          2.90445
---------------
Minimum RF against Column Panel Buckling in LC2: Combined Stress    2.79113
dtype: float64
---------------
RF against Crippling
---------------
1    6.47327
2    7.01637
3    7.04291
4    7.05893
5    7.06250
6    7.05893
7    7.04291
8    7.01637
9    6.47327
---------------
Minimum RF against crippling in LC2: 6.47327
