---------------
LC: LC2
---------------
---------------
RF against Strength Failure for the Skin
---------------
1     4.65
2     4.04
3     4.39
4     3.80
5     3.94
6     3.91
7     3.87
8     3.83
9     3.94
10    3.90
11    3.87
12    3.91
13    3.91
14    3.88
15    3.91
16    3.91
17    3.88
18    3.91
19    3.91
20    3.87
21    3.90
22    3.94
23    3.83
24    3.87
25    3.91
26    3.94
27    3.80
28    4.39
29    4.04
30    4.65
---------------
RF against Strength Failure for the Stringers
---------------
37   -4.77
38   -4.82
39   -4.74
40   -5.17
41   -5.08
42   -5.17
43   -5.12
44   -5.11
45   -5.12
46   -5.13
47   -5.14
48   -5.13
49   -5.13
50   -5.13
51   -5.13
52   -5.13
53   -5.14
54   -5.13
55   -5.12
56   -5.11
57   -5.12
58   -5.17
59   -5.08
60   -5.17
61   -4.74
62   -4.82
63   -4.77
---------------
Average stresses in XX
---------------
0    -95.623333
1   -117.300000
2   -117.400000
3   -116.833333
4   -116.500000
5   -116.500000
6   -116.833333
7   -117.400000
8   -117.300000
9    -95.623333
---------------
Average stresses in YY
---------------
0   -30.643333
1   -30.646667
2   -30.643333
3   -30.646667
4   -30.643333
5   -30.643333
6   -30.646667
7   -30.643333
8   -30.646667
9   -30.643333
---------------
Average stresses in XY
---------------
0    50.583333
1    50.063333
2    50.036667
3    50.040000
4    50.040000
5    50.040000
6    50.040000
7    50.036667
8    50.063333
9    50.583333
---------------
Critical Biaxial Stress
---------------
   sigma_x_crit
0    -72.350317
1    -78.418675
2    -78.446569
3    -78.302884
4    -78.222983
5    -78.222983
6    -78.302884
7    -78.446569
8    -78.418675
9    -72.350317
---------------
RF against Panel Buckling Biaxial
---------------
          RF
1   0.756618
2   0.668531
3   0.668199
4   0.670210
5   0.671442
6   0.671442
7   0.670210
8   0.668199
9   0.668531
10  0.756618
---------------
K_biax
---------------
     k_biax
0  2.727691
1  2.956475
2  2.957527
3  2.952110
4  2.949098
5  2.949098
6  2.952110
7  2.957527
8  2.956475
9  2.727691
---------------
RF against Panel Buckling in Shear
---------------
          RF
1   3.033189
2   3.064694
3   3.066327
4   3.066123
5   3.066123
6   3.066123
7   3.066123
8   3.066327
9   3.064694
10  3.033189
---------------
K_shear
---------------
    k_shear
0  5.784444
1  5.784444
2  5.784444
3  5.784444
4  5.784444
5  5.784444
6  5.784444
7  5.784444
8  5.784444
9  5.784444
---------------
RF against Panel Buckling Combined
---------------
          RF
1   0.699123
2   0.624108
3   0.623863
4   0.625610
5   0.626683
6   0.626683
7   0.625610
8   0.623863
9   0.624108
10  0.699123
---------------
Average stresses in Axial Stringers
---------------
0   -110.933333
1   -103.133333
2   -103.633333
3   -103.266667
4   -103.300000
5   -103.266667
6   -103.633333
7   -103.133333
8   -110.933333
---------------
Average stresses Combined in Stringers
---------------
   Combined Stress
0      -107.633210
1      -113.625338
2      -113.584133
3      -113.155966
4      -113.041697
5      -113.155966
6      -113.584133
7      -113.625338
8      -107.633210
---------------
RF against Column Panel Buckling
 ---------------
   Combined Stress
0         0.788958
1         0.747351
2         0.747622
3         0.750451
4         0.751210
5         0.750451
6         0.747622
7         0.747351
8         0.788958
---------------
RF against Crippling
---------------
   Combined Stress
0         1.610501
1         1.525570
2         1.526123
3         1.531898
4         1.533447
5         1.531898
6         1.526123
7         1.525570
8         1.610501
