---------------
LC: Load Cases Task 2/LC1/LC1
---------------
---------------
RF against Strength Failure for the Skin
---------------
1     10.33340
2      8.86732
3      9.84581
4      8.54839
5      8.70994
6      8.83923
7      8.81717
8      8.70279
9      8.89262
10     8.83923
11     8.79960
12     8.83775
13     8.84956
14     8.80691
15     8.84660
16     8.84660
17     8.80691
18     8.84956
19     8.83775
20     8.79960
21     8.83923
22     8.89262
23     8.70279
24     8.81717
25     8.83923
26     8.70994
27     8.54839
28     9.84581
29     8.86732
30    10.33340
---------------
RF against Strength Failure for the Stringers
---------------
37    12.66730
38    13.87435
39    12.58608
40    12.24584
41    11.91815
42    12.25150
43    12.32558
44    12.33706
45    12.32845
46    12.32272
47    12.33132
48    12.32272
49    12.33706
50    12.33706
51    12.33706
52    12.32272
53    12.33132
54    12.32272
55    12.32845
56    12.33706
57    12.32558
58    12.25150
59    11.91815
60    12.24584
61    12.58608
62    13.87435
63    12.66730
64         NaN
---------------
Minimum RF in LC1: 8.54839
---------------
Average stresses in XX
---------------
0   -36.886667
1   -44.593333
2   -43.743333
3   -43.563333
4   -43.493333
5   -43.493333
6   -43.563333
7   -43.743333
8   -44.593333
9   -36.886667
---------------
Average stresses in YY
---------------
0    11.540000
1    11.540000
2    11.536667
3    11.536667
4    11.540000
5    11.540000
6    11.536667
7    11.536667
8    11.540000
9    11.540000
---------------
Average stresses in XY
---------------
0    19.076667
1    18.916667
2    18.906667
3    18.913333
4    18.910000
5    18.910000
6    18.913333
7    18.906667
8    18.916667
9    19.076667
---------------
Critical Biaxial Stress
---------------
   sigma_x_crit
0   -234.265943
1   -225.927482
2   -226.666478
3   -226.829739
4   -226.905155
5   -226.905155
6   -226.829739
7   -226.666478
8   -225.927482
9   -234.265943
---------------
RF against Panel Buckling Biaxial
---------------
        RF
0  6.35097
1  5.06640
2  5.18174
3  5.20690
4  5.21701
5  5.21701
6  5.20690
7  5.18174
8  5.06640
9  6.35097
---------------
K_biax
---------------
    k_biax
0  5.26719
1  5.07971
2  5.09632
3  5.09999
4  5.10169
5  5.10169
6  5.09999
7  5.09632
8  5.07971
9  5.26719
---------------
Critical Shear Stress
---------------
   sigma_xy_crit
0     257.271676
1     257.271676
2     257.271676
3     257.271676
4     257.271676
5     257.271676
6     257.271676
7     257.271676
8     257.271676
9     257.271676
---------------
K_shear
---------------
   k_shear
0  5.78444
1  5.78444
2  5.78444
3  5.78444
4  5.78444
5  5.78444
6  5.78444
7  5.78444
8  5.78444
9  5.78444
---------------
RF against Panel Buckling in Shear
---------------
         RF
0  13.48620
1  13.60026
2  13.60746
3  13.60266
4  13.60506
5  13.60506
6  13.60266
7  13.60746
8  13.60026
9  13.48620
---------------
RF against Panel Buckling Combined
---------------
        RF
0  6.13668
1  4.93132
2  5.04068
3  5.06438
4  5.07400
5  5.07400
6  5.06438
7  5.04068
8  4.93132
9  6.13668
---------------
minimum RF against panel buckling in LC1: RF    4.93132
dtype: float64
---------------
Average stresses in Axial Stringers
---------------
1   -40.716667
2   -43.670000
3   -42.983333
4   -43.000000
5   -42.960000
6   -43.000000
7   -42.983333
8   -43.670000
9   -40.716667
---------------
Average stresses Combined in Stringers
---------------
   Combined Stress
1       -40.734211
2       -44.044687
3       -43.487093
4       -43.397243
5       -43.361003
6       -43.397243
7       -43.487093
8       -44.044687
9       -40.734211
---------------
I_total
 ---------------
0
---------------
Radius of Gyration
 ---------------
0
---------------
RF against Column Panel Buckling
 ---------------
   Combined Stress
1          2.98145
2          2.75736
3          2.79271
4          2.79849
5          2.80083
6          2.79849
7          2.79271
8          2.75736
9          2.98145
---------------
Minimum RF against Column Panel Buckling in LC1: Combined Stress    2.75736
dtype: float64
---------------
RF against Crippling
---------------
1    6.63315
2    6.28113
3    6.49586
4    6.49434
5    6.50190
6    6.49434
7    6.49586
8    6.28113
9    6.63315
---------------
Minimum RF against crippling in LC1: 6.28113
