---------------
LC: Load Cases/LC1/LC1
---------------
---------------
RF against Strength Failure for the Skin
---------------
1     4.08006
2     3.45727
3     3.81844
4     3.25753
5     3.31457
6     3.39744
7     3.36294
8     3.31665
9     3.40180
10    3.37795
11    3.35868
12    3.37795
13    3.38226
14    3.36294
15    3.38010
16    3.38010
17    3.36294
18    3.38226
19    3.37795
20    3.35868
21    3.37795
22    3.40180
23    3.31665
24    3.36294
25    3.39744
26    3.31457
27    3.25753
28    3.81844
29    3.45727
30    4.08006
---------------
RF against Strength Failure for the Stringers
---------------
37    4.72792
38    5.20629
39    4.69442
40    4.63287
41    4.48393
42    4.63287
43    4.66549
44    4.66960
45    4.66549
46    4.66549
47    4.66960
48    4.66549
49    4.66960
50    4.66960
51    4.66960
52    4.66549
53    4.66960
54    4.66549
55    4.66549
56    4.66960
57    4.66549
58    4.63287
59    4.48393
60    4.63287
61    4.69442
62    5.20629
63    4.72792
64        NaN
---------------
Minimum RF in LC1: 3.25753
---------------
Average stresses in XX
---------------
0    -91.136667
1   -115.800000
2   -113.766667
3   -113.133333
4   -112.866667
5   -112.866667
6   -113.133333
7   -113.766667
8   -115.800000
9    -91.136667
---------------
Average stresses in YY
---------------
0    30.646667
1    30.643333
2    30.643333
3    30.646667
4    30.643333
5    30.643333
6    30.646667
7    30.643333
8    30.643333
9    30.646667
---------------
Average stresses in XY
---------------
0    50.583333
1    50.063333
2    50.036667
3    50.043333
4    50.040000
5    50.040000
6    50.043333
7    50.036667
8    50.063333
9    50.583333
---------------
Critical Biaxial Stress
---------------
   sigma_x_crit
0   -238.072259
1   -226.799421
2   -227.510535
3   -227.742642
4   -227.834945
5   -227.834945
6   -227.742642
7   -227.510535
8   -226.799421
9   -238.072259
---------------
RF against Panel Buckling Biaxial
---------------
        RF
0  2.61226
1  1.95854
2  1.99980
3  2.01305
4  2.01862
5  2.01862
6  2.01305
7  1.99980
8  1.95854
9  2.61226
---------------
K_biax
---------------
    k_biax
0  5.35277
1  5.09931
2  5.11530
3  5.12052
4  5.12259
5  5.12259
6  5.12052
7  5.11530
8  5.09931
9  5.35277
---------------
Beta
---------------
      Beta
0 -0.33627
1 -0.26462
2 -0.26935
3 -0.27089
4 -0.27150
5 -0.27150
6 -0.27089
7 -0.26935
8 -0.26462
9 -0.33627
---------------
m used for Kbiax
---------------
   m used for Kbiaxial
0                    4
1                    4
2                    4
3                    4
4                    4
5                    4
6                    4
7                    4
8                    4
9                    4
---------------
Critical Shear Stress
---------------
   sigma_xy_crit
0     257.271676
1     257.271676
2     257.271676
3     257.271676
4     257.271676
5     257.271676
6     257.271676
7     257.271676
8     257.271676
9     257.271676
---------------
K_shear
---------------
   k_shear
0  5.78444
1  5.78444
2  5.78444
3  5.78444
4  5.78444
5  5.78444
6  5.78444
7  5.78444
8  5.78444
9  5.78444
---------------
RF against Panel Buckling in Shear
---------------
        RF
0  5.08610
1  5.13892
2  5.14166
3  5.14098
4  5.14132
5  5.14132
6  5.14098
7  5.14166
8  5.13892
9  5.08610
---------------
RF against Panel Buckling Combined
---------------
        RF
0  2.37266
1  1.82332
2  1.85916
3  1.87057
4  1.87540
5  1.87540
6  1.87057
7  1.85916
8  1.82332
9  2.37266
---------------
minimum RF against panel buckling in LC1: RF    1.82332
dtype: float64
---------------
Average stresses in Axial Stringers
---------------
1   -108.933333
2   -115.666667
3   -113.566667
4   -113.566667
5   -113.500000
6   -113.566667
7   -113.566667
8   -115.666667
9   -108.933333
---------------
Average stresses Combined in Stringers
---------------
   Combined Stress
1      -104.824311
2      -115.002506
3      -113.478947
4      -113.140602
5      -113.023810
6      -113.140602
7      -113.478947
8      -115.002506
9      -104.824311
---------------
I_total
 ---------------
0
---------------
Radius of Gyration
 ---------------
0
---------------
RF against Column Panel Buckling
 ---------------
   Combined Stress
1          1.11068
2          1.01238
3          1.02597
4          1.02904
5          1.03011
6          1.02904
7          1.02597
8          1.01238
9          1.11068
---------------
Minimum RF against Column Panel Buckling in LC1: Combined Stress    1.01238
dtype: float64
---------------
RF against Crippling
---------------
1    2.47406
2    2.36313
3    2.45882
4    2.45882
5    2.46098
6    2.45882
7    2.45882
8    2.36313
9    2.47406
---------------
Minimum RF against crippling in LC1: 2.36313
