---------------
LC: Load Cases/LC2/LC2
---------------
---------------
RF against Strength Failure for the Skin
---------------
1     4.64912
2     4.03656
3     4.38742
4     3.80201
5     3.94052
6     3.90567
7     3.87427
8     3.82948
9     3.94345
10    3.90280
11    3.87144
12    3.90855
13    3.91144
14    3.87994
15    3.90855
16    3.90855
17    3.87994
18    3.91144
19    3.90855
20    3.87144
21    3.90280
22    3.94345
23    3.82948
24    3.87427
25    3.90567
26    3.94052
27    3.80201
28    4.38742
29    4.03656
30    4.64912
---------------
RF against Strength Failure for the Stringers
---------------
37    4.77477
38    4.81818
39    4.74061
40    5.17073
41    5.07663
42    5.17073
43    5.11583
44    5.10597
45    5.12077
46    5.13069
47    5.13566
48    5.13069
49    5.13069
50    5.13069
51    5.13069
52    5.13069
53    5.13566
54    5.13069
55    5.12077
56    5.10597
57    5.11583
58    5.17073
59    5.07663
60    5.17073
61    4.74061
62    4.81818
63    4.77477
64        NaN
---------------
Minimum RF in LC2: 3.80201
---------------
Average stresses in XX
---------------
0    -95.623333
1   -117.300000
2   -117.400000
3   -116.833333
4   -116.500000
5   -116.500000
6   -116.833333
7   -117.400000
8   -117.300000
9    -95.623333
---------------
Average stresses in YY
---------------
0   -30.643333
1   -30.646667
2   -30.643333
3   -30.646667
4   -30.643333
5   -30.643333
6   -30.646667
7   -30.643333
8   -30.646667
9   -30.643333
---------------
Average stresses in XY
---------------
0    50.583333
1    50.063333
2    50.036667
3    50.040000
4    50.040000
5    50.040000
6    50.040000
7    50.036667
8    50.063333
9    50.583333
---------------
Critical Biaxial Stress
---------------
   sigma_x_crit
0    -71.785847
1    -77.806861
2    -77.834537
3    -77.691973
4    -77.612695
5    -77.612695
6    -77.691973
7    -77.834537
8    -77.806861
9    -71.785847
---------------
RF against Panel Buckling Biaxial
---------------
        RF
0  0.75071
1  0.66332
2  0.66299
3  0.66498
4  0.66620
5  0.66620
6  0.66498
7  0.66299
8  0.66332
9  0.75071
---------------
K_biax
---------------
    k_biax
0  2.72769
1  2.95648
2  2.95753
3  2.95211
4  2.94910
5  2.94910
6  2.95211
7  2.95753
8  2.95648
9  2.72769
---------------
Critical Shear Stress
---------------
   sigma_xy_crit
0     152.231761
1     152.231761
2     152.231761
3     152.231761
4     152.231761
5     152.231761
6     152.231761
7     152.231761
8     152.231761
9     152.231761
---------------
K_shear
---------------
   k_shear
0  5.78444
1  5.78444
2  5.78444
3  5.78444
4  5.78444
5  5.78444
6  5.78444
7  5.78444
8  5.78444
9  5.78444
---------------
RF against Panel Buckling in Shear
---------------
        RF
0  3.00952
1  3.04078
2  3.04240
3  3.04220
4  3.04220
5  3.04220
6  3.04220
7  3.04240
8  3.04078
9  3.00952
---------------
RF against Panel Buckling Combined
---------------
        RF
0  0.69325
1  0.61892
2  0.61867
3  0.62040
4  0.62147
5  0.62147
6  0.62040
7  0.61867
8  0.61892
9  0.69325
---------------
minimum RF against panel buckling in LC2: RF    0.61867
dtype: float64
---------------
Average stresses in Axial Stringers
---------------
1   -110.933333
2   -103.133333
3   -103.633333
4   -103.266667
5   -103.300000
6   -103.266667
7   -103.633333
8   -103.133333
9   -110.933333
---------------
Average stresses Combined in Stringers
---------------
   Combined Stress
1      -107.633210
2      -113.625338
3      -113.584133
4      -113.155966
5      -113.041697
6      -113.155966
7      -113.584133
8      -113.625338
9      -107.633210
---------------
I_total
 ---------------
47458.95326
---------------
Radius of Gyration
 ---------------
6.61675
---------------
RF against Column Panel Buckling
 ---------------
   Combined Stress
1          0.78896
2          0.74735
3          0.74762
4          0.75045
5          0.75121
6          0.75045
7          0.74762
8          0.74735
9          0.78896
---------------
Minimum RF against Column Panel Buckling in LC2: Combined Stress    0.74735
dtype: float64
---------------
RF against Crippling
---------------
1    1.55048
2    1.66038
3    1.66998
4    1.67806
5    1.67806
6    1.67806
7    1.66998
8    1.66038
9    1.55048
---------------
Minimum RF against crippling in LC2: 1.55048
