---------------
LC: Load Cases Task 2/LC3/LC3
---------------
---------------
RF against Strength Failure for the Skin
---------------
1     2.6768
2     2.6447
3     2.6500
4     2.6754
5     2.6434
6     2.7013
7     2.6876
8     2.6447
9     2.6931
10    2.6904
11    2.6447
12    2.6904
13    2.6904
14    2.6460
15    2.6904
16    2.6904
17    2.6460
18    2.6904
19    2.6904
20    2.6447
21    2.6904
22    2.6931
23    2.6447
24    2.6876
25    2.7013
26    2.6434
27    2.6754
28    2.6500
29    2.6447
30    2.6768
---------------
RF against Strength Failure for the Stringers
---------------
37    26.2506
38    27.7487
39    24.3231
40    24.4352
41    23.8309
42    24.5598
43    24.6283
44    24.6741
45    24.6856
46    24.6626
47    24.6626
48    24.6283
49    24.6741
50    24.6741
51    24.6741
52    24.6283
53    24.6626
54    24.6626
55    24.6856
56    24.6741
57    24.6283
58    24.5598
59    23.8309
60    24.4352
61    24.3231
62    27.7487
63    26.2506
64        NaN
---------------
Minimum RF in LC3: 2.6434
---------------
Average stresses in XX
---------------
0   -18.443333
1   -22.300000
2   -21.873333
3   -21.780000
4   -21.743333
5   -21.743333
6   -21.780000
7   -21.873333
8   -22.300000
9   -18.443333
---------------
Average stresses in YY
---------------
0    5.769333
1    5.769000
2    5.769333
3    5.769000
4    5.769333
5    5.769333
6    5.769000
7    5.769333
8    5.769000
9    5.769333
---------------
Average stresses in XY
---------------
0    114.466667
1    113.500000
2    113.433333
3    113.466667
4    113.466667
5    113.466667
6    113.466667
7    113.433333
8    113.500000
9    114.466667
---------------
Critical Biaxial Stress
---------------
   sigma_x_crit
0   -234.260163
1   -225.915059
2   -226.670314
3   -226.837366
4   -226.906658
5   -226.906658
6   -226.837366
7   -226.670314
8   -225.915059
9   -234.260163
---------------
RF against Panel Buckling Biaxial
---------------
        RF
0  12.7016
1  10.1307
2  10.3629
3  10.4149
4  10.4357
5  10.4357
6  10.4149
7  10.3629
8  10.1307
9  12.7016
---------------
K_biax
---------------
   k_biax
0  5.2671
1  5.0794
2  5.0964
3  5.1002
4  5.1017
5  5.1017
6  5.1002
7  5.0964
8  5.0794
9  5.2671
---------------
Critical Shear Stress
---------------
   sigma_xy_crit
0     257.271676
1     257.271676
2     257.271676
3     257.271676
4     257.271676
5     257.271676
6     257.271676
7     257.271676
8     257.271676
9     257.271676
---------------
K_shear
---------------
   k_shear
0   5.7844
1   5.7844
2   5.7844
3   5.7844
4   5.7844
5   5.7844
6   5.7844
7   5.7844
8   5.7844
9   5.7844
---------------
RF against Panel Buckling in Shear
---------------
       RF
0  2.2476
1  2.2667
2  2.2680
3  2.2674
4  2.2674
5  2.2674
6  2.2674
7  2.2680
8  2.2667
9  2.2476
---------------
RF against Panel Buckling Combined
---------------
       RF
0  3.6142
1  3.4090
2  3.4376
3  3.4420
4  3.4442
5  3.4442
6  3.4420
7  3.4376
8  3.4090
9  3.6142
---------------
minimum RF against panel buckling in LC3: RF    3.409
dtype: float64
---------------
Average stresses in Axial Stringers
---------------
1   -20.360000
2   -21.836667
3   -21.490000
4   -21.500000
5   -21.480000
6   -21.500000
7   -21.490000
8   -21.836667
9   -20.360000
---------------
Average stresses Combined in Stringers
---------------
   Combined Stress
1       -20.368772
2       -22.024637
3       -21.743133
4       -21.696742
5       -21.677995
6       -21.696742
7       -21.743133
8       -22.024637
9       -20.368772
---------------
I_total
 ---------------
86608.4859
---------------
Radius of Gyration
 ---------------
7.9129
---------------
RF against Column Panel Buckling
 ---------------
   Combined Stress
1           5.9624
2           5.5141
3           5.5855
4           5.5975
5           5.6023
6           5.5975
7           5.5855
8           5.5141
9           5.9624
---------------
Minimum RF against Column Panel Buckling in LC3: Combined Stress    5.5141
dtype: float64
---------------
RF against Crippling
---------------
1    12.8188
2    12.5594
3    12.9796
4    12.9796
5    13.0038
6    12.9796
7    12.9796
8    12.5594
9    12.8188
---------------
Minimum RF against crippling in LC3: 12.5594
