---------------
LC: Load Cases/LC3/LC3
---------------
---------------
RF against Strength Failure for the Skin
---------------
1     2.02
2     2.00
3     2.00
4     2.02
5     2.00
6     2.05
7     2.03
8     2.00
9     2.04
10    2.04
11    2.00
12    2.04
13    2.04
14    2.00
15    2.04
16    2.04
17    2.00
18    2.04
19    2.04
20    2.00
21    2.04
22    2.04
23    2.00
24    2.03
25    2.05
26    2.00
27    2.02
28    2.00
29    2.00
30    2.02
---------------
RF against Strength Failure for the Stringers
---------------
37    19.64
38    20.83
39    18.12
40    18.51
41    17.95
42    18.58
43    18.64
44    18.68
45    18.70
46    18.68
47    18.68
48    18.66
49    18.69
50    18.69
51    18.69
52    18.66
53    18.68
54    18.68
55    18.70
56    18.68
57    18.64
58    18.58
59    17.95
60    18.51
61    18.12
62    20.83
63    19.64
64      NaN
---------------
Minimum RF in LC3: 2.0
---------------
Average stresses in XX
---------------
0   -22.770000
1   -28.936667
2   -28.430000
3   -28.266667
4   -28.206667
5   -28.206667
6   -28.266667
7   -28.430000
8   -28.936667
9   -22.770000
---------------
Average stresses in YY
---------------
0    7.657667
1    7.657333
2    7.657333
3    7.657667
4    7.657667
5    7.657667
6    7.657667
7    7.657333
8    7.657333
9    7.657667
---------------
Average stresses in XY
---------------
0    151.700000
1    150.133333
2    150.033333
3    150.066667
4    150.066667
5    150.066667
6    150.066667
7    150.033333
8    150.133333
9    151.700000
---------------
Critical Biaxial Stress
---------------
   sigma_x_crit
0   -140.874437
1   -134.200928
2   -134.620496
3   -134.760588
4   -134.812144
5   -134.812144
6   -134.760588
7   -134.620496
8   -134.200928
9   -140.874437
---------------
RF against Panel Buckling Biaxial
---------------
      RF
1   6.19
2   4.64
3   4.74
4   4.77
5   4.78
6   4.78
7   4.77
8   4.74
9   4.64
10  6.19
---------------
K_biax
---------------
   k_biax
0    5.35
1    5.10
2    5.12
3    5.12
4    5.12
5    5.12
6    5.12
7    5.12
8    5.10
9    5.35
---------------
RF against Panel Buckling in Shear
---------------
      RF
1   1.00
2   1.01
3   1.01
4   1.01
5   1.01
6   1.01
7   1.01
8   1.01
9   1.01
10  1.00
---------------
K_shear
---------------
   k_shear
0     5.78
1     5.78
2     5.78
3     5.78
4     5.78
5     5.78
6     5.78
7     5.78
8     5.78
9     5.78
---------------
RF against Panel Buckling Combined
---------------
      RF
1   0.87
2   0.84
3   0.85
4   0.85
5   0.85
6   0.85
7   0.85
8   0.85
9   0.84
10  0.87
---------------
minimum RF against panel buckling in LC3: RF    0.84
dtype: float64
---------------
Average stresses in Axial Stringers
---------------
0   -27.226667
1   -28.900000
2   -28.380000
3   -28.383333
4   -28.350000
5   -28.383333
6   -28.380000
7   -28.900000
8   -27.226667
---------------
Average stresses Combined in Stringers
---------------
   Combined Stress
0       -26.213137
1       -28.740098
2       -28.356630
3       -28.275092
4       -28.244219
5       -28.275092
6       -28.356630
7       -28.740098
8       -26.213137
---------------
I_total
 ---------------
47458.95
---------------
Radius of Gyration
 ---------------
6.62
---------------
RF against Column Panel Buckling
 ---------------
   Combined Stress
0             3.24
1             2.95
2             2.99
3             3.00
4             3.01
5             3.00
6             2.99
7             2.95
8             3.24
---------------
Minimum RF against Column Panel Buckling in LC3: Combined Stress    2.95
dtype: float64
---------------
RF against Crippling
---------------
38    5.93
41    5.87
44    6.10
47    6.10
50    6.11
53    6.10
56    6.10
59    5.87
62    5.93
---------------
Minimum RF against crippling in LC3: 5.87
